2021/11/07-10:32:39.128685 106f80e00 RocksDB version: 6.17.3
2021/11/07-10:32:39.128753 106f80e00 Git sha rocksdb_build_git_sha:@09c7e96eac1ab983f97ce9e0406730b8014b3398@
2021/11/07-10:32:39.128756 106f80e00 Compile date Oct 27 2021
2021/11/07-10:32:39.128772 106f80e00 DB SUMMARY
2021/11/07-10:32:39.128774 106f80e00 DB Session ID:  TWOM2R059GC45P8PQQL7
2021/11/07-10:32:39.128824 106f80e00 CURRENT file:  CURRENT
2021/11/07-10:32:39.128826 106f80e00 IDENTITY file:  IDENTITY
2021/11/07-10:32:39.128831 106f80e00 MANIFEST file:  MANIFEST-000003 size: 1376 Bytes
2021/11/07-10:32:39.128833 106f80e00 SST files in test-ledger/rocksdb dir, Total Num: 0, files: 
2021/11/07-10:32:39.128835 106f80e00 Write Ahead Log file in test-ledger/rocksdb: 000004.log size: 3918 ; 
2021/11/07-10:32:39.128837 106f80e00                         Options.error_if_exists: 0
2021/11/07-10:32:39.128838 106f80e00                       Options.create_if_missing: 1
2021/11/07-10:32:39.128839 106f80e00                         Options.paranoid_checks: 1
2021/11/07-10:32:39.128840 106f80e00                               Options.track_and_verify_wals_in_manifest: 0
2021/11/07-10:32:39.128841 106f80e00                                     Options.env: 0x102069108
2021/11/07-10:32:39.128843 106f80e00                                      Options.fs: Posix File System
2021/11/07-10:32:39.128844 106f80e00                                Options.info_log: 0x7fed40907190
2021/11/07-10:32:39.128845 106f80e00                Options.max_file_opening_threads: 16
2021/11/07-10:32:39.128846 106f80e00                              Options.statistics: 0x0
2021/11/07-10:32:39.128847 106f80e00                               Options.use_fsync: 0
2021/11/07-10:32:39.128848 106f80e00                       Options.max_log_file_size: 0
2021/11/07-10:32:39.128849 106f80e00                  Options.max_manifest_file_size: 1073741824
2021/11/07-10:32:39.128851 106f80e00                   Options.log_file_time_to_roll: 0
2021/11/07-10:32:39.128852 106f80e00                       Options.keep_log_file_num: 1000
2021/11/07-10:32:39.128853 106f80e00                    Options.recycle_log_file_num: 0
2021/11/07-10:32:39.128854 106f80e00                         Options.allow_fallocate: 1
2021/11/07-10:32:39.128855 106f80e00                        Options.allow_mmap_reads: 0
2021/11/07-10:32:39.128856 106f80e00                       Options.allow_mmap_writes: 0
2021/11/07-10:32:39.128857 106f80e00                        Options.use_direct_reads: 0
2021/11/07-10:32:39.128858 106f80e00                        Options.use_direct_io_for_flush_and_compaction: 0
2021/11/07-10:32:39.128859 106f80e00          Options.create_missing_column_families: 1
2021/11/07-10:32:39.128860 106f80e00                              Options.db_log_dir: 
2021/11/07-10:32:39.128861 106f80e00                                 Options.wal_dir: test-ledger/rocksdb
2021/11/07-10:32:39.128862 106f80e00                Options.table_cache_numshardbits: 6
2021/11/07-10:32:39.128863 106f80e00                         Options.WAL_ttl_seconds: 0
2021/11/07-10:32:39.128864 106f80e00                       Options.WAL_size_limit_MB: 0
2021/11/07-10:32:39.128865 106f80e00                        Options.max_write_batch_group_size_bytes: 1048576
2021/11/07-10:32:39.128866 106f80e00             Options.manifest_preallocation_size: 4194304
2021/11/07-10:32:39.128867 106f80e00                     Options.is_fd_close_on_exec: 1
2021/11/07-10:32:39.128868 106f80e00                   Options.advise_random_on_open: 1
2021/11/07-10:32:39.128869 106f80e00                    Options.db_write_buffer_size: 0
2021/11/07-10:32:39.128870 106f80e00                    Options.write_buffer_manager: 0x7fed40907d00
2021/11/07-10:32:39.128871 106f80e00         Options.access_hint_on_compaction_start: 1
2021/11/07-10:32:39.128872 106f80e00  Options.new_table_reader_for_compaction_inputs: 0
2021/11/07-10:32:39.128873 106f80e00           Options.random_access_max_buffer_size: 1048576
2021/11/07-10:32:39.128874 106f80e00                      Options.use_adaptive_mutex: 0
2021/11/07-10:32:39.128875 106f80e00                            Options.rate_limiter: 0x0
2021/11/07-10:32:39.128906 106f80e00     Options.sst_file_manager.rate_bytes_per_sec: 0
2021/11/07-10:32:39.128908 106f80e00                       Options.wal_recovery_mode: 2
2021/11/07-10:32:39.128909 106f80e00                  Options.enable_thread_tracking: 0
2021/11/07-10:32:39.128910 106f80e00                  Options.enable_pipelined_write: 0
2021/11/07-10:32:39.128911 106f80e00                  Options.unordered_write: 0
2021/11/07-10:32:39.128912 106f80e00         Options.allow_concurrent_memtable_write: 1
2021/11/07-10:32:39.128913 106f80e00      Options.enable_write_thread_adaptive_yield: 1
2021/11/07-10:32:39.128914 106f80e00             Options.write_thread_max_yield_usec: 100
2021/11/07-10:32:39.128915 106f80e00            Options.write_thread_slow_yield_usec: 3
2021/11/07-10:32:39.128916 106f80e00                               Options.row_cache: None
2021/11/07-10:32:39.128917 106f80e00                              Options.wal_filter: None
2021/11/07-10:32:39.128918 106f80e00             Options.avoid_flush_during_recovery: 0
2021/11/07-10:32:39.128919 106f80e00             Options.allow_ingest_behind: 0
2021/11/07-10:32:39.128920 106f80e00             Options.preserve_deletes: 0
2021/11/07-10:32:39.128921 106f80e00             Options.two_write_queues: 0
2021/11/07-10:32:39.128922 106f80e00             Options.manual_wal_flush: 0
2021/11/07-10:32:39.128923 106f80e00             Options.atomic_flush: 0
2021/11/07-10:32:39.128924 106f80e00             Options.avoid_unnecessary_blocking_io: 0
2021/11/07-10:32:39.128925 106f80e00                 Options.persist_stats_to_disk: 0
2021/11/07-10:32:39.128926 106f80e00                 Options.write_dbid_to_manifest: 0
2021/11/07-10:32:39.128928 106f80e00                 Options.log_readahead_size: 0
2021/11/07-10:32:39.128929 106f80e00                 Options.file_checksum_gen_factory: Unknown
2021/11/07-10:32:39.128930 106f80e00                 Options.best_efforts_recovery: 0
2021/11/07-10:32:39.128931 106f80e00                Options.max_bgerror_resume_count: 2147483647
2021/11/07-10:32:39.128932 106f80e00            Options.bgerror_resume_retry_interval: 1000000
2021/11/07-10:32:39.128933 106f80e00             Options.allow_data_in_errors: 0
2021/11/07-10:32:39.128934 106f80e00             Options.db_host_id: __hostname__
2021/11/07-10:32:39.128935 106f80e00             Options.max_background_jobs: 8
2021/11/07-10:32:39.128936 106f80e00             Options.max_background_compactions: -1
2021/11/07-10:32:39.128937 106f80e00             Options.max_subcompactions: 1
2021/11/07-10:32:39.128938 106f80e00             Options.avoid_flush_during_shutdown: 0
2021/11/07-10:32:39.128939 106f80e00           Options.writable_file_max_buffer_size: 1048576
2021/11/07-10:32:39.128940 106f80e00             Options.delayed_write_rate : 16777216
2021/11/07-10:32:39.128941 106f80e00             Options.max_total_wal_size: 4294967296
2021/11/07-10:32:39.128942 106f80e00             Options.delete_obsolete_files_period_micros: 21600000000
2021/11/07-10:32:39.128943 106f80e00                   Options.stats_dump_period_sec: 600
2021/11/07-10:32:39.128945 106f80e00                 Options.stats_persist_period_sec: 600
2021/11/07-10:32:39.128946 106f80e00                 Options.stats_history_buffer_size: 1048576
2021/11/07-10:32:39.128947 106f80e00                          Options.max_open_files: -1
2021/11/07-10:32:39.128948 106f80e00                          Options.bytes_per_sync: 0
2021/11/07-10:32:39.128949 106f80e00                      Options.wal_bytes_per_sync: 0
2021/11/07-10:32:39.128950 106f80e00                   Options.strict_bytes_per_sync: 0
2021/11/07-10:32:39.128951 106f80e00       Options.compaction_readahead_size: 0
2021/11/07-10:32:39.128952 106f80e00                  Options.max_background_flushes: -1
2021/11/07-10:32:39.128953 106f80e00 Compression algorithms supported:
2021/11/07-10:32:39.128954 106f80e00 	kZSTD supported: 0
2021/11/07-10:32:39.128955 106f80e00 	kZlibCompression supported: 0
2021/11/07-10:32:39.128957 106f80e00 	kXpressCompression supported: 0
2021/11/07-10:32:39.128975 106f80e00 	kSnappyCompression supported: 0
2021/11/07-10:32:39.128976 106f80e00 	kZSTDNotFinalCompression supported: 0
2021/11/07-10:32:39.128977 106f80e00 	kLZ4HCCompression supported: 1
2021/11/07-10:32:39.128978 106f80e00 	kLZ4Compression supported: 1
2021/11/07-10:32:39.128979 106f80e00 	kBZip2Compression supported: 0
2021/11/07-10:32:39.128981 106f80e00 Fast CRC32 supported: Supported on x86
2021/11/07-10:32:39.129131 106f80e00 [db/version_set.cc:4757] Recovering from manifest file: test-ledger/rocksdb/MANIFEST-000003
2021/11/07-10:32:39.129186 106f80e00 [db/column_family.cc:597] --------------- Options for column family [default]:
2021/11/07-10:32:39.129189 106f80e00               Options.comparator: leveldb.BytewiseComparator
2021/11/07-10:32:39.129191 106f80e00           Options.merge_operator: None
2021/11/07-10:32:39.129192 106f80e00        Options.compaction_filter: None
2021/11/07-10:32:39.129193 106f80e00        Options.compaction_filter_factory: None
2021/11/07-10:32:39.129194 106f80e00  Options.sst_partitioner_factory: None
2021/11/07-10:32:39.129195 106f80e00         Options.memtable_factory: SkipListFactory
2021/11/07-10:32:39.129196 106f80e00            Options.table_factory: BlockBasedTable
2021/11/07-10:32:39.129213 106f80e00            table_factory options:   flush_block_policy_factory: FlushBlockBySizePolicyFactory (0x7fed3f6398b0)
  cache_index_and_filter_blocks: 0
  cache_index_and_filter_blocks_with_high_priority: 1
  pin_l0_filter_and_index_blocks_in_cache: 0
  pin_top_level_index_and_filter: 1
  index_type: 0
  data_block_index_type: 0
  index_shortening: 1
  data_block_hash_table_util_ratio: 0.750000
  hash_index_allow_collision: 1
  checksum: 1
  no_block_cache: 0
  block_cache: 0x7fed3f6327a8
  block_cache_name: LRUCache
  block_cache_options:
    capacity : 8388608
    num_shard_bits : 4
    strict_capacity_limit : 0
    memory_allocator : None
    high_pri_pool_ratio: 0.000
  block_cache_compressed: 0x0
  persistent_cache: 0x0
  block_size: 4096
  block_size_deviation: 10
  block_restart_interval: 16
  index_block_restart_interval: 1
  metadata_block_size: 4096
  partition_filters: 0
  use_delta_encoding: 1
  filter_policy: nullptr
  whole_key_filtering: 1
  verify_compression: 0
  read_amp_bytes_per_bit: 0
  format_version: 4
  enable_index_compression: 1
  block_align: 0
2021/11/07-10:32:39.129218 106f80e00        Options.write_buffer_size: 67108864
2021/11/07-10:32:39.129219 106f80e00  Options.max_write_buffer_number: 2
2021/11/07-10:32:39.129220 106f80e00          Options.compression: NoCompression
2021/11/07-10:32:39.129221 106f80e00                  Options.bottommost_compression: Disabled
2021/11/07-10:32:39.129223 106f80e00       Options.prefix_extractor: nullptr
2021/11/07-10:32:39.129224 106f80e00   Options.memtable_insert_with_hint_prefix_extractor: nullptr
2021/11/07-10:32:39.129241 106f80e00             Options.num_levels: 7
2021/11/07-10:32:39.129243 106f80e00        Options.min_write_buffer_number_to_merge: 1
2021/11/07-10:32:39.129245 106f80e00     Options.max_write_buffer_number_to_maintain: 0
2021/11/07-10:32:39.129246 106f80e00     Options.max_write_buffer_size_to_maintain: 0
2021/11/07-10:32:39.129247 106f80e00            Options.bottommost_compression_opts.window_bits: -14
2021/11/07-10:32:39.129248 106f80e00                  Options.bottommost_compression_opts.level: 32767
2021/11/07-10:32:39.129249 106f80e00               Options.bottommost_compression_opts.strategy: 0
2021/11/07-10:32:39.129250 106f80e00         Options.bottommost_compression_opts.max_dict_bytes: 0
2021/11/07-10:32:39.129251 106f80e00         Options.bottommost_compression_opts.zstd_max_train_bytes: 0
2021/11/07-10:32:39.129252 106f80e00         Options.bottommost_compression_opts.parallel_threads: 1
2021/11/07-10:32:39.129254 106f80e00                  Options.bottommost_compression_opts.enabled: false
2021/11/07-10:32:39.129255 106f80e00            Options.compression_opts.window_bits: -14
2021/11/07-10:32:39.129256 106f80e00                  Options.compression_opts.level: 32767
2021/11/07-10:32:39.129291 106f80e00               Options.compression_opts.strategy: 0
2021/11/07-10:32:39.129293 106f80e00         Options.compression_opts.max_dict_bytes: 0
2021/11/07-10:32:39.129294 106f80e00         Options.compression_opts.zstd_max_train_bytes: 0
2021/11/07-10:32:39.129295 106f80e00         Options.compression_opts.parallel_threads: 1
2021/11/07-10:32:39.129296 106f80e00                  Options.compression_opts.enabled: false
2021/11/07-10:32:39.129297 106f80e00      Options.level0_file_num_compaction_trigger: 4
2021/11/07-10:32:39.129298 106f80e00          Options.level0_slowdown_writes_trigger: 20
2021/11/07-10:32:39.129299 106f80e00              Options.level0_stop_writes_trigger: 36
2021/11/07-10:32:39.129301 106f80e00                   Options.target_file_size_base: 67108864
2021/11/07-10:32:39.129302 106f80e00             Options.target_file_size_multiplier: 1
2021/11/07-10:32:39.129303 106f80e00                Options.max_bytes_for_level_base: 268435456
2021/11/07-10:32:39.129304 106f80e00 Options.level_compaction_dynamic_level_bytes: 0
2021/11/07-10:32:39.129305 106f80e00          Options.max_bytes_for_level_multiplier: 10.000000
2021/11/07-10:32:39.129307 106f80e00 Options.max_bytes_for_level_multiplier_addtl[0]: 1
2021/11/07-10:32:39.129308 106f80e00 Options.max_bytes_for_level_multiplier_addtl[1]: 1
2021/11/07-10:32:39.129309 106f80e00 Options.max_bytes_for_level_multiplier_addtl[2]: 1
2021/11/07-10:32:39.129310 106f80e00 Options.max_bytes_for_level_multiplier_addtl[3]: 1
2021/11/07-10:32:39.129311 106f80e00 Options.max_bytes_for_level_multiplier_addtl[4]: 1
2021/11/07-10:32:39.129312 106f80e00 Options.max_bytes_for_level_multiplier_addtl[5]: 1
2021/11/07-10:32:39.129313 106f80e00 Options.max_bytes_for_level_multiplier_addtl[6]: 1
2021/11/07-10:32:39.129314 106f80e00       Options.max_sequential_skip_in_iterations: 8
2021/11/07-10:32:39.129315 106f80e00                    Options.max_compaction_bytes: 1677721600
2021/11/07-10:32:39.129317 106f80e00                        Options.arena_block_size: 8388608
2021/11/07-10:32:39.129318 106f80e00   Options.soft_pending_compaction_bytes_limit: 68719476736
2021/11/07-10:32:39.129319 106f80e00   Options.hard_pending_compaction_bytes_limit: 274877906944
2021/11/07-10:32:39.129320 106f80e00       Options.rate_limit_delay_max_milliseconds: 100
2021/11/07-10:32:39.129321 106f80e00                Options.disable_auto_compactions: 0
2021/11/07-10:32:39.129322 106f80e00                        Options.compaction_style: kCompactionStyleLevel
2021/11/07-10:32:39.129324 106f80e00                          Options.compaction_pri: kMinOverlappingRatio
2021/11/07-10:32:39.129325 106f80e00 Options.compaction_options_universal.size_ratio: 1
2021/11/07-10:32:39.129326 106f80e00 Options.compaction_options_universal.min_merge_width: 2
2021/11/07-10:32:39.129327 106f80e00 Options.compaction_options_universal.max_merge_width: 4294967295
2021/11/07-10:32:39.129328 106f80e00 Options.compaction_options_universal.max_size_amplification_percent: 200
2021/11/07-10:32:39.129329 106f80e00 Options.compaction_options_universal.compression_size_percent: -1
2021/11/07-10:32:39.129331 106f80e00 Options.compaction_options_universal.stop_style: kCompactionStopStyleTotalSize
2021/11/07-10:32:39.129332 106f80e00 Options.compaction_options_fifo.max_table_files_size: 1073741824
2021/11/07-10:32:39.129333 106f80e00 Options.compaction_options_fifo.allow_compaction: 0
2021/11/07-10:32:39.129335 106f80e00                   Options.table_properties_collectors: 
2021/11/07-10:32:39.129336 106f80e00                   Options.inplace_update_support: 0
2021/11/07-10:32:39.129337 106f80e00                 Options.inplace_update_num_locks: 10000
2021/11/07-10:32:39.129339 106f80e00               Options.memtable_prefix_bloom_size_ratio: 0.000000
2021/11/07-10:32:39.129340 106f80e00               Options.memtable_whole_key_filtering: 0
2021/11/07-10:32:39.129341 106f80e00   Options.memtable_huge_page_size: 0
2021/11/07-10:32:39.129342 106f80e00                           Options.bloom_locality: 0
2021/11/07-10:32:39.129361 106f80e00                    Options.max_successive_merges: 0
2021/11/07-10:32:39.129363 106f80e00                Options.optimize_filters_for_hits: 0
2021/11/07-10:32:39.129364 106f80e00                Options.paranoid_file_checks: 0
2021/11/07-10:32:39.129365 106f80e00                Options.force_consistency_checks: 1
2021/11/07-10:32:39.129366 106f80e00                Options.report_bg_io_stats: 0
2021/11/07-10:32:39.129367 106f80e00                               Options.ttl: 2592000
2021/11/07-10:32:39.129368 106f80e00          Options.periodic_compaction_seconds: 0
2021/11/07-10:32:39.129369 106f80e00                    Options.enable_blob_files: false
2021/11/07-10:32:39.129370 106f80e00                        Options.min_blob_size: 0
2021/11/07-10:32:39.129371 106f80e00                       Options.blob_file_size: 268435456
2021/11/07-10:32:39.129372 106f80e00                Options.blob_compression_type: NoCompression
2021/11/07-10:32:39.129373 106f80e00       Options.enable_blob_garbage_collection: false
2021/11/07-10:32:39.129375 106f80e00   Options.blob_garbage_collection_age_cutoff: 0.250000
2021/11/07-10:32:39.129428 106f80e00 [db/column_family.cc:597] --------------- Options for column family [meta]:
2021/11/07-10:32:39.129445 106f80e00               Options.comparator: leveldb.BytewiseComparator
2021/11/07-10:32:39.129447 106f80e00           Options.merge_operator: None
2021/11/07-10:32:39.129448 106f80e00        Options.compaction_filter: None
2021/11/07-10:32:39.129449 106f80e00        Options.compaction_filter_factory: purged_slot_filter_factory(meta)
2021/11/07-10:32:39.129450 106f80e00  Options.sst_partitioner_factory: None
2021/11/07-10:32:39.129451 106f80e00         Options.memtable_factory: SkipListFactory
2021/11/07-10:32:39.129452 106f80e00            Options.table_factory: BlockBasedTable
2021/11/07-10:32:39.129465 106f80e00            table_factory options:   flush_block_policy_factory: FlushBlockBySizePolicyFactory (0x7fed40807970)
  cache_index_and_filter_blocks: 0
  cache_index_and_filter_blocks_with_high_priority: 1
  pin_l0_filter_and_index_blocks_in_cache: 0
  pin_top_level_index_and_filter: 1
  index_type: 0
  data_block_index_type: 0
  index_shortening: 1
  data_block_hash_table_util_ratio: 0.750000
  hash_index_allow_collision: 1
  checksum: 1
  no_block_cache: 0
  block_cache: 0x7fed40807b38
  block_cache_name: LRUCache
  block_cache_options:
    capacity : 8388608
    num_shard_bits : 4
    strict_capacity_limit : 0
    memory_allocator : None
    high_pri_pool_ratio: 0.000
  block_cache_compressed: 0x0
  persistent_cache: 0x0
  block_size: 4096
  block_size_deviation: 10
  block_restart_interval: 16
  index_block_restart_interval: 1
  metadata_block_size: 4096
  partition_filters: 0
  use_delta_encoding: 1
  filter_policy: nullptr
  whole_key_filtering: 1
  verify_compression: 0
  read_amp_bytes_per_bit: 0
  format_version: 4
  enable_index_compression: 1
  block_align: 0
2021/11/07-10:32:39.129469 106f80e00        Options.write_buffer_size: 268435456
2021/11/07-10:32:39.129470 106f80e00  Options.max_write_buffer_number: 8
2021/11/07-10:32:39.129471 106f80e00          Options.compression: NoCompression
2021/11/07-10:32:39.129473 106f80e00                  Options.bottommost_compression: Disabled
2021/11/07-10:32:39.129483 106f80e00       Options.prefix_extractor: nullptr
2021/11/07-10:32:39.129484 106f80e00   Options.memtable_insert_with_hint_prefix_extractor: nullptr
2021/11/07-10:32:39.129485 106f80e00             Options.num_levels: 7
2021/11/07-10:32:39.129486 106f80e00        Options.min_write_buffer_number_to_merge: 1
2021/11/07-10:32:39.129487 106f80e00     Options.max_write_buffer_number_to_maintain: 0
2021/11/07-10:32:39.129488 106f80e00     Options.max_write_buffer_size_to_maintain: 0
2021/11/07-10:32:39.129489 106f80e00            Options.bottommost_compression_opts.window_bits: -14
2021/11/07-10:32:39.129490 106f80e00                  Options.bottommost_compression_opts.level: 32767
2021/11/07-10:32:39.129491 106f80e00               Options.bottommost_compression_opts.strategy: 0
2021/11/07-10:32:39.129514 106f80e00         Options.bottommost_compression_opts.max_dict_bytes: 0
2021/11/07-10:32:39.129516 106f80e00         Options.bottommost_compression_opts.zstd_max_train_bytes: 0
2021/11/07-10:32:39.129517 106f80e00         Options.bottommost_compression_opts.parallel_threads: 1
2021/11/07-10:32:39.129518 106f80e00                  Options.bottommost_compression_opts.enabled: false
2021/11/07-10:32:39.129519 106f80e00            Options.compression_opts.window_bits: -14
2021/11/07-10:32:39.129520 106f80e00                  Options.compression_opts.level: 32767
2021/11/07-10:32:39.129521 106f80e00               Options.compression_opts.strategy: 0
2021/11/07-10:32:39.129522 106f80e00         Options.compression_opts.max_dict_bytes: 0
2021/11/07-10:32:39.129523 106f80e00         Options.compression_opts.zstd_max_train_bytes: 0
2021/11/07-10:32:39.129524 106f80e00         Options.compression_opts.parallel_threads: 1
2021/11/07-10:32:39.129526 106f80e00                  Options.compression_opts.enabled: false
2021/11/07-10:32:39.129527 106f80e00      Options.level0_file_num_compaction_trigger: 4
2021/11/07-10:32:39.129528 106f80e00          Options.level0_slowdown_writes_trigger: 20
2021/11/07-10:32:39.129529 106f80e00              Options.level0_stop_writes_trigger: 36
2021/11/07-10:32:39.129530 106f80e00                   Options.target_file_size_base: 107374182
2021/11/07-10:32:39.129531 106f80e00             Options.target_file_size_multiplier: 1
2021/11/07-10:32:39.129532 106f80e00                Options.max_bytes_for_level_base: 1073741824
2021/11/07-10:32:39.129533 106f80e00 Options.level_compaction_dynamic_level_bytes: 0
2021/11/07-10:32:39.129534 106f80e00          Options.max_bytes_for_level_multiplier: 10.000000
2021/11/07-10:32:39.129535 106f80e00 Options.max_bytes_for_level_multiplier_addtl[0]: 1
2021/11/07-10:32:39.129537 106f80e00 Options.max_bytes_for_level_multiplier_addtl[1]: 1
2021/11/07-10:32:39.129538 106f80e00 Options.max_bytes_for_level_multiplier_addtl[2]: 1
2021/11/07-10:32:39.129539 106f80e00 Options.max_bytes_for_level_multiplier_addtl[3]: 1
2021/11/07-10:32:39.129540 106f80e00 Options.max_bytes_for_level_multiplier_addtl[4]: 1
2021/11/07-10:32:39.129541 106f80e00 Options.max_bytes_for_level_multiplier_addtl[5]: 1
2021/11/07-10:32:39.129542 106f80e00 Options.max_bytes_for_level_multiplier_addtl[6]: 1
2021/11/07-10:32:39.129543 106f80e00       Options.max_sequential_skip_in_iterations: 8
2021/11/07-10:32:39.129544 106f80e00                    Options.max_compaction_bytes: 2684354550
2021/11/07-10:32:39.129545 106f80e00                        Options.arena_block_size: 33554432
2021/11/07-10:32:39.129546 106f80e00   Options.soft_pending_compaction_bytes_limit: 68719476736
2021/11/07-10:32:39.129547 106f80e00   Options.hard_pending_compaction_bytes_limit: 274877906944
2021/11/07-10:32:39.129548 106f80e00       Options.rate_limit_delay_max_milliseconds: 100
2021/11/07-10:32:39.129549 106f80e00                Options.disable_auto_compactions: 0
2021/11/07-10:32:39.129550 106f80e00                        Options.compaction_style: kCompactionStyleLevel
2021/11/07-10:32:39.129551 106f80e00                          Options.compaction_pri: kMinOverlappingRatio
2021/11/07-10:32:39.129552 106f80e00 Options.compaction_options_universal.size_ratio: 1
2021/11/07-10:32:39.129553 106f80e00 Options.compaction_options_universal.min_merge_width: 2
2021/11/07-10:32:39.129555 106f80e00 Options.compaction_options_universal.max_merge_width: 4294967295
2021/11/07-10:32:39.129556 106f80e00 Options.compaction_options_universal.max_size_amplification_percent: 200
2021/11/07-10:32:39.129557 106f80e00 Options.compaction_options_universal.compression_size_percent: -1
2021/11/07-10:32:39.129558 106f80e00 Options.compaction_options_universal.stop_style: kCompactionStopStyleTotalSize
2021/11/07-10:32:39.129559 106f80e00 Options.compaction_options_fifo.max_table_files_size: 1073741824
2021/11/07-10:32:39.129560 106f80e00 Options.compaction_options_fifo.allow_compaction: 0
2021/11/07-10:32:39.129579 106f80e00                   Options.table_properties_collectors: 
2021/11/07-10:32:39.129580 106f80e00                   Options.inplace_update_support: 0
2021/11/07-10:32:39.129581 106f80e00                 Options.inplace_update_num_locks: 10000
2021/11/07-10:32:39.129582 106f80e00               Options.memtable_prefix_bloom_size_ratio: 0.000000
2021/11/07-10:32:39.129583 106f80e00               Options.memtable_whole_key_filtering: 0
2021/11/07-10:32:39.129584 106f80e00   Options.memtable_huge_page_size: 0
2021/11/07-10:32:39.129586 106f80e00                           Options.bloom_locality: 0
2021/11/07-10:32:39.129587 106f80e00                    Options.max_successive_merges: 0
2021/11/07-10:32:39.129588 106f80e00                Options.optimize_filters_for_hits: 0
2021/11/07-10:32:39.129589 106f80e00                Options.paranoid_file_checks: 0
2021/11/07-10:32:39.129590 106f80e00                Options.force_consistency_checks: 1
2021/11/07-10:32:39.129591 106f80e00                Options.report_bg_io_stats: 0
2021/11/07-10:32:39.129592 106f80e00                               Options.ttl: 2592000
2021/11/07-10:32:39.129593 106f80e00          Options.periodic_compaction_seconds: 2592000
2021/11/07-10:32:39.129594 106f80e00                    Options.enable_blob_files: false
2021/11/07-10:32:39.129595 106f80e00                        Options.min_blob_size: 0
2021/11/07-10:32:39.129596 106f80e00                       Options.blob_file_size: 268435456
2021/11/07-10:32:39.129597 106f80e00                Options.blob_compression_type: NoCompression
2021/11/07-10:32:39.129598 106f80e00       Options.enable_blob_garbage_collection: false
2021/11/07-10:32:39.129599 106f80e00   Options.blob_garbage_collection_age_cutoff: 0.250000
2021/11/07-10:32:39.129626 106f80e00 [db/column_family.cc:597] --------------- Options for column family [dead_slots]:
2021/11/07-10:32:39.129628 106f80e00               Options.comparator: leveldb.BytewiseComparator
2021/11/07-10:32:39.129629 106f80e00           Options.merge_operator: None
2021/11/07-10:32:39.129631 106f80e00        Options.compaction_filter: None
2021/11/07-10:32:39.129632 106f80e00        Options.compaction_filter_factory: purged_slot_filter_factory(dead_slots)
2021/11/07-10:32:39.129633 106f80e00  Options.sst_partitioner_factory: None
2021/11/07-10:32:39.129634 106f80e00         Options.memtable_factory: SkipListFactory
2021/11/07-10:32:39.129635 106f80e00            Options.table_factory: BlockBasedTable
2021/11/07-10:32:39.129645 106f80e00            table_factory options:   flush_block_policy_factory: FlushBlockBySizePolicyFactory (0x7fed3f639440)
  cache_index_and_filter_blocks: 0
  cache_index_and_filter_blocks_with_high_priority: 1
  pin_l0_filter_and_index_blocks_in_cache: 0
  pin_top_level_index_and_filter: 1
  index_type: 0
  data_block_index_type: 0
  index_shortening: 1
  data_block_hash_table_util_ratio: 0.750000
  hash_index_allow_collision: 1
  checksum: 1
  no_block_cache: 0
  block_cache: 0x7fed3f6399a8
  block_cache_name: LRUCache
  block_cache_options:
    capacity : 8388608
    num_shard_bits : 4
    strict_capacity_limit : 0
    memory_allocator : None
    high_pri_pool_ratio: 0.000
  block_cache_compressed: 0x0
  persistent_cache: 0x0
  block_size: 4096
  block_size_deviation: 10
  block_restart_interval: 16
  index_block_restart_interval: 1
  metadata_block_size: 4096
  partition_filters: 0
  use_delta_encoding: 1
  filter_policy: nullptr
  whole_key_filtering: 1
  verify_compression: 0
  read_amp_bytes_per_bit: 0
  format_version: 4
  enable_index_compression: 1
  block_align: 0
2021/11/07-10:32:39.129648 106f80e00        Options.write_buffer_size: 268435456
2021/11/07-10:32:39.129649 106f80e00  Options.max_write_buffer_number: 8
2021/11/07-10:32:39.129650 106f80e00          Options.compression: NoCompression
2021/11/07-10:32:39.129651 106f80e00                  Options.bottommost_compression: Disabled
2021/11/07-10:32:39.129652 106f80e00       Options.prefix_extractor: nullptr
2021/11/07-10:32:39.129653 106f80e00   Options.memtable_insert_with_hint_prefix_extractor: nullptr
2021/11/07-10:32:39.129678 106f80e00             Options.num_levels: 7
2021/11/07-10:32:39.129680 106f80e00        Options.min_write_buffer_number_to_merge: 1
2021/11/07-10:32:39.129681 106f80e00     Options.max_write_buffer_number_to_maintain: 0
2021/11/07-10:32:39.129682 106f80e00     Options.max_write_buffer_size_to_maintain: 0
2021/11/07-10:32:39.129683 106f80e00            Options.bottommost_compression_opts.window_bits: -14
2021/11/07-10:32:39.129684 106f80e00                  Options.bottommost_compression_opts.level: 32767
2021/11/07-10:32:39.129685 106f80e00               Options.bottommost_compression_opts.strategy: 0
2021/11/07-10:32:39.129686 106f80e00         Options.bottommost_compression_opts.max_dict_bytes: 0
2021/11/07-10:32:39.129687 106f80e00         Options.bottommost_compression_opts.zstd_max_train_bytes: 0
2021/11/07-10:32:39.129688 106f80e00         Options.bottommost_compression_opts.parallel_threads: 1
2021/11/07-10:32:39.129689 106f80e00                  Options.bottommost_compression_opts.enabled: false
2021/11/07-10:32:39.129690 106f80e00            Options.compression_opts.window_bits: -14
2021/11/07-10:32:39.129691 106f80e00                  Options.compression_opts.level: 32767
2021/11/07-10:32:39.129692 106f80e00               Options.compression_opts.strategy: 0
2021/11/07-10:32:39.129693 106f80e00         Options.compression_opts.max_dict_bytes: 0
2021/11/07-10:32:39.129694 106f80e00         Options.compression_opts.zstd_max_train_bytes: 0
2021/11/07-10:32:39.129695 106f80e00         Options.compression_opts.parallel_threads: 1
2021/11/07-10:32:39.129696 106f80e00                  Options.compression_opts.enabled: false
2021/11/07-10:32:39.129697 106f80e00      Options.level0_file_num_compaction_trigger: 4
2021/11/07-10:32:39.129698 106f80e00          Options.level0_slowdown_writes_trigger: 20
2021/11/07-10:32:39.129699 106f80e00              Options.level0_stop_writes_trigger: 36
2021/11/07-10:32:39.129700 106f80e00                   Options.target_file_size_base: 107374182
2021/11/07-10:32:39.129701 106f80e00             Options.target_file_size_multiplier: 1
2021/11/07-10:32:39.129703 106f80e00                Options.max_bytes_for_level_base: 1073741824
2021/11/07-10:32:39.129704 106f80e00 Options.level_compaction_dynamic_level_bytes: 0
2021/11/07-10:32:39.129705 106f80e00          Options.max_bytes_for_level_multiplier: 10.000000
2021/11/07-10:32:39.129706 106f80e00 Options.max_bytes_for_level_multiplier_addtl[0]: 1
2021/11/07-10:32:39.129707 106f80e00 Options.max_bytes_for_level_multiplier_addtl[1]: 1
2021/11/07-10:32:39.129708 106f80e00 Options.max_bytes_for_level_multiplier_addtl[2]: 1
2021/11/07-10:32:39.129709 106f80e00 Options.max_bytes_for_level_multiplier_addtl[3]: 1
2021/11/07-10:32:39.129710 106f80e00 Options.max_bytes_for_level_multiplier_addtl[4]: 1
2021/11/07-10:32:39.129711 106f80e00 Options.max_bytes_for_level_multiplier_addtl[5]: 1
2021/11/07-10:32:39.129712 106f80e00 Options.max_bytes_for_level_multiplier_addtl[6]: 1
2021/11/07-10:32:39.129713 106f80e00       Options.max_sequential_skip_in_iterations: 8
2021/11/07-10:32:39.129714 106f80e00                    Options.max_compaction_bytes: 2684354550
2021/11/07-10:32:39.129715 106f80e00                        Options.arena_block_size: 33554432
2021/11/07-10:32:39.129717 106f80e00   Options.soft_pending_compaction_bytes_limit: 68719476736
2021/11/07-10:32:39.129718 106f80e00   Options.hard_pending_compaction_bytes_limit: 274877906944
2021/11/07-10:32:39.129719 106f80e00       Options.rate_limit_delay_max_milliseconds: 100
2021/11/07-10:32:39.129720 106f80e00                Options.disable_auto_compactions: 0
2021/11/07-10:32:39.129721 106f80e00                        Options.compaction_style: kCompactionStyleLevel
2021/11/07-10:32:39.129722 106f80e00                          Options.compaction_pri: kMinOverlappingRatio
2021/11/07-10:32:39.129723 106f80e00 Options.compaction_options_universal.size_ratio: 1
2021/11/07-10:32:39.129724 106f80e00 Options.compaction_options_universal.min_merge_width: 2
2021/11/07-10:32:39.129740 106f80e00 Options.compaction_options_universal.max_merge_width: 4294967295
2021/11/07-10:32:39.129742 106f80e00 Options.compaction_options_universal.max_size_amplification_percent: 200
2021/11/07-10:32:39.129743 106f80e00 Options.compaction_options_universal.compression_size_percent: -1
2021/11/07-10:32:39.129744 106f80e00 Options.compaction_options_universal.stop_style: kCompactionStopStyleTotalSize
2021/11/07-10:32:39.129746 106f80e00 Options.compaction_options_fifo.max_table_files_size: 1073741824
2021/11/07-10:32:39.129747 106f80e00 Options.compaction_options_fifo.allow_compaction: 0
2021/11/07-10:32:39.129748 106f80e00                   Options.table_properties_collectors: 
2021/11/07-10:32:39.129749 106f80e00                   Options.inplace_update_support: 0
2021/11/07-10:32:39.129750 106f80e00                 Options.inplace_update_num_locks: 10000
2021/11/07-10:32:39.129751 106f80e00               Options.memtable_prefix_bloom_size_ratio: 0.000000
2021/11/07-10:32:39.129752 106f80e00               Options.memtable_whole_key_filtering: 0
2021/11/07-10:32:39.129753 106f80e00   Options.memtable_huge_page_size: 0
2021/11/07-10:32:39.129754 106f80e00                           Options.bloom_locality: 0
2021/11/07-10:32:39.129755 106f80e00                    Options.max_successive_merges: 0
2021/11/07-10:32:39.129756 106f80e00                Options.optimize_filters_for_hits: 0
2021/11/07-10:32:39.129757 106f80e00                Options.paranoid_file_checks: 0
2021/11/07-10:32:39.129758 106f80e00                Options.force_consistency_checks: 1
2021/11/07-10:32:39.129759 106f80e00                Options.report_bg_io_stats: 0
2021/11/07-10:32:39.129760 106f80e00                               Options.ttl: 2592000
2021/11/07-10:32:39.129762 106f80e00          Options.periodic_compaction_seconds: 2592000
2021/11/07-10:32:39.129763 106f80e00                    Options.enable_blob_files: false
2021/11/07-10:32:39.129764 106f80e00                        Options.min_blob_size: 0
2021/11/07-10:32:39.129765 106f80e00                       Options.blob_file_size: 268435456
2021/11/07-10:32:39.129766 106f80e00                Options.blob_compression_type: NoCompression
2021/11/07-10:32:39.129767 106f80e00       Options.enable_blob_garbage_collection: false
2021/11/07-10:32:39.129768 106f80e00   Options.blob_garbage_collection_age_cutoff: 0.250000
2021/11/07-10:32:39.129794 106f80e00 [db/column_family.cc:597] --------------- Options for column family [duplicate_slots]:
2021/11/07-10:32:39.129796 106f80e00               Options.comparator: leveldb.BytewiseComparator
2021/11/07-10:32:39.129797 106f80e00           Options.merge_operator: None
2021/11/07-10:32:39.129798 106f80e00        Options.compaction_filter: None
2021/11/07-10:32:39.129799 106f80e00        Options.compaction_filter_factory: purged_slot_filter_factory(duplicate_slots)
2021/11/07-10:32:39.129800 106f80e00  Options.sst_partitioner_factory: None
2021/11/07-10:32:39.129801 106f80e00         Options.memtable_factory: SkipListFactory
2021/11/07-10:32:39.129803 106f80e00            Options.table_factory: BlockBasedTable
2021/11/07-10:32:39.129851 106f80e00            table_factory options:   flush_block_policy_factory: FlushBlockBySizePolicyFactory (0x7fed3f6373d0)
  cache_index_and_filter_blocks: 0
  cache_index_and_filter_blocks_with_high_priority: 1
  pin_l0_filter_and_index_blocks_in_cache: 0
  pin_top_level_index_and_filter: 1
  index_type: 0
  data_block_index_type: 0
  index_shortening: 1
  data_block_hash_table_util_ratio: 0.750000
  hash_index_allow_collision: 1
  checksum: 1
  no_block_cache: 0
  block_cache: 0x7fed3f637418
  block_cache_name: LRUCache
  block_cache_options:
    capacity : 8388608
    num_shard_bits : 4
    strict_capacity_limit : 0
    memory_allocator : None
    high_pri_pool_ratio: 0.000
  block_cache_compressed: 0x0
  persistent_cache: 0x0
  block_size: 4096
  block_size_deviation: 10
  block_restart_interval: 16
  index_block_restart_interval: 1
  metadata_block_size: 4096
  partition_filters: 0
  use_delta_encoding: 1
  filter_policy: nullptr
  whole_key_filtering: 1
  verify_compression: 0
  read_amp_bytes_per_bit: 0
  format_version: 4
  enable_index_compression: 1
  block_align: 0
2021/11/07-10:32:39.129895 106f80e00        Options.write_buffer_size: 268435456
2021/11/07-10:32:39.129898 106f80e00  Options.max_write_buffer_number: 8
2021/11/07-10:32:39.129899 106f80e00          Options.compression: NoCompression
2021/11/07-10:32:39.129900 106f80e00                  Options.bottommost_compression: Disabled
2021/11/07-10:32:39.129901 106f80e00       Options.prefix_extractor: nullptr
2021/11/07-10:32:39.129902 106f80e00   Options.memtable_insert_with_hint_prefix_extractor: nullptr
2021/11/07-10:32:39.129904 106f80e00             Options.num_levels: 7
2021/11/07-10:32:39.129905 106f80e00        Options.min_write_buffer_number_to_merge: 1
2021/11/07-10:32:39.129906 106f80e00     Options.max_write_buffer_number_to_maintain: 0
2021/11/07-10:32:39.129907 106f80e00     Options.max_write_buffer_size_to_maintain: 0
2021/11/07-10:32:39.129908 106f80e00            Options.bottommost_compression_opts.window_bits: -14
2021/11/07-10:32:39.129909 106f80e00                  Options.bottommost_compression_opts.level: 32767
2021/11/07-10:32:39.129910 106f80e00               Options.bottommost_compression_opts.strategy: 0
2021/11/07-10:32:39.129911 106f80e00         Options.bottommost_compression_opts.max_dict_bytes: 0
2021/11/07-10:32:39.129912 106f80e00         Options.bottommost_compression_opts.zstd_max_train_bytes: 0
2021/11/07-10:32:39.129913 106f80e00         Options.bottommost_compression_opts.parallel_threads: 1
2021/11/07-10:32:39.129914 106f80e00                  Options.bottommost_compression_opts.enabled: false
2021/11/07-10:32:39.129916 106f80e00            Options.compression_opts.window_bits: -14
2021/11/07-10:32:39.129917 106f80e00                  Options.compression_opts.level: 32767
2021/11/07-10:32:39.129918 106f80e00               Options.compression_opts.strategy: 0
2021/11/07-10:32:39.129919 106f80e00         Options.compression_opts.max_dict_bytes: 0
2021/11/07-10:32:39.129920 106f80e00         Options.compression_opts.zstd_max_train_bytes: 0
2021/11/07-10:32:39.129921 106f80e00         Options.compression_opts.parallel_threads: 1
2021/11/07-10:32:39.129922 106f80e00                  Options.compression_opts.enabled: false
2021/11/07-10:32:39.129923 106f80e00      Options.level0_file_num_compaction_trigger: 4
2021/11/07-10:32:39.129924 106f80e00          Options.level0_slowdown_writes_trigger: 20
2021/11/07-10:32:39.129925 106f80e00              Options.level0_stop_writes_trigger: 36
2021/11/07-10:32:39.129926 106f80e00                   Options.target_file_size_base: 107374182
2021/11/07-10:32:39.129927 106f80e00             Options.target_file_size_multiplier: 1
2021/11/07-10:32:39.129928 106f80e00                Options.max_bytes_for_level_base: 1073741824
2021/11/07-10:32:39.129929 106f80e00 Options.level_compaction_dynamic_level_bytes: 0
