2021/11/07-10:32:38.619483 106f80e00 RocksDB version: 6.17.3
2021/11/07-10:32:38.619854 106f80e00 Git sha rocksdb_build_git_sha:@09c7e96eac1ab983f97ce9e0406730b8014b3398@
2021/11/07-10:32:38.619857 106f80e00 Compile date Oct 27 2021
2021/11/07-10:32:38.620117 106f80e00 DB SUMMARY
2021/11/07-10:32:38.620124 106f80e00 DB Session ID:  ZQOKYSKHFX4XVCTO0K59
2021/11/07-10:32:38.620437 106f80e00 SST files in test-ledger/rocksdb dir, Total Num: 0, files: 
2021/11/07-10:32:38.620441 106f80e00 Write Ahead Log file in test-ledger/rocksdb: 
2021/11/07-10:32:38.620443 106f80e00                         Options.error_if_exists: 0
2021/11/07-10:32:38.620445 106f80e00                       Options.create_if_missing: 1
2021/11/07-10:32:38.620446 106f80e00                         Options.paranoid_checks: 1
2021/11/07-10:32:38.620447 106f80e00                               Options.track_and_verify_wals_in_manifest: 0
2021/11/07-10:32:38.620448 106f80e00                                     Options.env: 0x102069108
2021/11/07-10:32:38.620449 106f80e00                                      Options.fs: Posix File System
2021/11/07-10:32:38.620450 106f80e00                                Options.info_log: 0x7fed3f509700
2021/11/07-10:32:38.620452 106f80e00                Options.max_file_opening_threads: 16
2021/11/07-10:32:38.620453 106f80e00                              Options.statistics: 0x0
2021/11/07-10:32:38.620454 106f80e00                               Options.use_fsync: 0
2021/11/07-10:32:38.620455 106f80e00                       Options.max_log_file_size: 0
2021/11/07-10:32:38.620456 106f80e00                  Options.max_manifest_file_size: 1073741824
2021/11/07-10:32:38.620457 106f80e00                   Options.log_file_time_to_roll: 0
2021/11/07-10:32:38.620458 106f80e00                       Options.keep_log_file_num: 1000
2021/11/07-10:32:38.620459 106f80e00                    Options.recycle_log_file_num: 0
2021/11/07-10:32:38.620460 106f80e00                         Options.allow_fallocate: 1
2021/11/07-10:32:38.620461 106f80e00                        Options.allow_mmap_reads: 0
2021/11/07-10:32:38.620462 106f80e00                       Options.allow_mmap_writes: 0
2021/11/07-10:32:38.620463 106f80e00                        Options.use_direct_reads: 0
2021/11/07-10:32:38.620464 106f80e00                        Options.use_direct_io_for_flush_and_compaction: 0
2021/11/07-10:32:38.620465 106f80e00          Options.create_missing_column_families: 1
2021/11/07-10:32:38.620466 106f80e00                              Options.db_log_dir: 
2021/11/07-10:32:38.620467 106f80e00                                 Options.wal_dir: test-ledger/rocksdb
2021/11/07-10:32:38.620468 106f80e00                Options.table_cache_numshardbits: 6
2021/11/07-10:32:38.620469 106f80e00                         Options.WAL_ttl_seconds: 0
2021/11/07-10:32:38.620470 106f80e00                       Options.WAL_size_limit_MB: 0
2021/11/07-10:32:38.620471 106f80e00                        Options.max_write_batch_group_size_bytes: 1048576
2021/11/07-10:32:38.620472 106f80e00             Options.manifest_preallocation_size: 4194304
2021/11/07-10:32:38.620474 106f80e00                     Options.is_fd_close_on_exec: 1
2021/11/07-10:32:38.620475 106f80e00                   Options.advise_random_on_open: 1
2021/11/07-10:32:38.620476 106f80e00                    Options.db_write_buffer_size: 0
2021/11/07-10:32:38.620477 106f80e00                    Options.write_buffer_manager: 0x7fed3f509750
2021/11/07-10:32:38.620478 106f80e00         Options.access_hint_on_compaction_start: 1
2021/11/07-10:32:38.620479 106f80e00  Options.new_table_reader_for_compaction_inputs: 0
2021/11/07-10:32:38.620480 106f80e00           Options.random_access_max_buffer_size: 1048576
2021/11/07-10:32:38.620481 106f80e00                      Options.use_adaptive_mutex: 0
2021/11/07-10:32:38.620482 106f80e00                            Options.rate_limiter: 0x0
2021/11/07-10:32:38.620483 106f80e00     Options.sst_file_manager.rate_bytes_per_sec: 0
2021/11/07-10:32:38.620484 106f80e00                       Options.wal_recovery_mode: 2
2021/11/07-10:32:38.620485 106f80e00                  Options.enable_thread_tracking: 0
2021/11/07-10:32:38.620526 106f80e00                  Options.enable_pipelined_write: 0
2021/11/07-10:32:38.620528 106f80e00                  Options.unordered_write: 0
2021/11/07-10:32:38.620529 106f80e00         Options.allow_concurrent_memtable_write: 1
2021/11/07-10:32:38.620530 106f80e00      Options.enable_write_thread_adaptive_yield: 1
2021/11/07-10:32:38.620531 106f80e00             Options.write_thread_max_yield_usec: 100
2021/11/07-10:32:38.620532 106f80e00            Options.write_thread_slow_yield_usec: 3
2021/11/07-10:32:38.620533 106f80e00                               Options.row_cache: None
2021/11/07-10:32:38.620534 106f80e00                              Options.wal_filter: None
2021/11/07-10:32:38.620536 106f80e00             Options.avoid_flush_during_recovery: 0
2021/11/07-10:32:38.620537 106f80e00             Options.allow_ingest_behind: 0
2021/11/07-10:32:38.620538 106f80e00             Options.preserve_deletes: 0
2021/11/07-10:32:38.620539 106f80e00             Options.two_write_queues: 0
2021/11/07-10:32:38.620540 106f80e00             Options.manual_wal_flush: 0
2021/11/07-10:32:38.620541 106f80e00             Options.atomic_flush: 0
2021/11/07-10:32:38.620542 106f80e00             Options.avoid_unnecessary_blocking_io: 0
2021/11/07-10:32:38.620543 106f80e00                 Options.persist_stats_to_disk: 0
2021/11/07-10:32:38.620544 106f80e00                 Options.write_dbid_to_manifest: 0
2021/11/07-10:32:38.620545 106f80e00                 Options.log_readahead_size: 0
2021/11/07-10:32:38.620546 106f80e00                 Options.file_checksum_gen_factory: Unknown
2021/11/07-10:32:38.620547 106f80e00                 Options.best_efforts_recovery: 0
2021/11/07-10:32:38.620548 106f80e00                Options.max_bgerror_resume_count: 2147483647
2021/11/07-10:32:38.620549 106f80e00            Options.bgerror_resume_retry_interval: 1000000
2021/11/07-10:32:38.620550 106f80e00             Options.allow_data_in_errors: 0
2021/11/07-10:32:38.620551 106f80e00             Options.db_host_id: __hostname__
2021/11/07-10:32:38.620552 106f80e00             Options.max_background_jobs: 8
2021/11/07-10:32:38.620553 106f80e00             Options.max_background_compactions: -1
2021/11/07-10:32:38.620554 106f80e00             Options.max_subcompactions: 1
2021/11/07-10:32:38.620555 106f80e00             Options.avoid_flush_during_shutdown: 0
2021/11/07-10:32:38.620556 106f80e00           Options.writable_file_max_buffer_size: 1048576
2021/11/07-10:32:38.620558 106f80e00             Options.delayed_write_rate : 16777216
2021/11/07-10:32:38.620559 106f80e00             Options.max_total_wal_size: 4294967296
2021/11/07-10:32:38.620560 106f80e00             Options.delete_obsolete_files_period_micros: 21600000000
2021/11/07-10:32:38.620561 106f80e00                   Options.stats_dump_period_sec: 600
2021/11/07-10:32:38.620562 106f80e00                 Options.stats_persist_period_sec: 600
2021/11/07-10:32:38.620563 106f80e00                 Options.stats_history_buffer_size: 1048576
2021/11/07-10:32:38.620564 106f80e00                          Options.max_open_files: -1
2021/11/07-10:32:38.620565 106f80e00                          Options.bytes_per_sync: 0
2021/11/07-10:32:38.620566 106f80e00                      Options.wal_bytes_per_sync: 0
2021/11/07-10:32:38.620567 106f80e00                   Options.strict_bytes_per_sync: 0
2021/11/07-10:32:38.620568 106f80e00       Options.compaction_readahead_size: 0
2021/11/07-10:32:38.620569 106f80e00                  Options.max_background_flushes: -1
2021/11/07-10:32:38.620570 106f80e00 Compression algorithms supported:
2021/11/07-10:32:38.620572 106f80e00 	kZSTD supported: 0
2021/11/07-10:32:38.620573 106f80e00 	kZlibCompression supported: 0
2021/11/07-10:32:38.620574 106f80e00 	kXpressCompression supported: 0
2021/11/07-10:32:38.620575 106f80e00 	kSnappyCompression supported: 0
2021/11/07-10:32:38.620576 106f80e00 	kZSTDNotFinalCompression supported: 0
2021/11/07-10:32:38.620577 106f80e00 	kLZ4HCCompression supported: 1
2021/11/07-10:32:38.620597 106f80e00 	kLZ4Compression supported: 1
2021/11/07-10:32:38.620598 106f80e00 	kBZip2Compression supported: 0
2021/11/07-10:32:38.620600 106f80e00 Fast CRC32 supported: Supported on x86
2021/11/07-10:32:38.621414 106f80e00 [db/db_impl/db_impl_open.cc:283] Creating manifest 1 
2021/11/07-10:32:38.622517 106f80e00 [db/version_set.cc:4757] Recovering from manifest file: test-ledger/rocksdb/MANIFEST-000001
2021/11/07-10:32:38.623357 106f80e00 [db/column_family.cc:597] --------------- Options for column family [default]:
2021/11/07-10:32:38.623368 106f80e00               Options.comparator: leveldb.BytewiseComparator
2021/11/07-10:32:38.623370 106f80e00           Options.merge_operator: None
2021/11/07-10:32:38.623372 106f80e00        Options.compaction_filter: None
2021/11/07-10:32:38.623373 106f80e00        Options.compaction_filter_factory: None
2021/11/07-10:32:38.623374 106f80e00  Options.sst_partitioner_factory: None
2021/11/07-10:32:38.623375 106f80e00         Options.memtable_factory: SkipListFactory
2021/11/07-10:32:38.623376 106f80e00            Options.table_factory: BlockBasedTable
2021/11/07-10:32:38.623396 106f80e00            table_factory options:   flush_block_policy_factory: FlushBlockBySizePolicyFactory (0x7fed3f628de0)
  cache_index_and_filter_blocks: 0
  cache_index_and_filter_blocks_with_high_priority: 1
  pin_l0_filter_and_index_blocks_in_cache: 0
  pin_top_level_index_and_filter: 1
  index_type: 0
  data_block_index_type: 0
  index_shortening: 1
  data_block_hash_table_util_ratio: 0.750000
  hash_index_allow_collision: 1
  checksum: 1
  no_block_cache: 0
  block_cache: 0x7fed3f637298
  block_cache_name: LRUCache
  block_cache_options:
    capacity : 8388608
    num_shard_bits : 4
    strict_capacity_limit : 0
    memory_allocator : None
    high_pri_pool_ratio: 0.000
  block_cache_compressed: 0x0
  persistent_cache: 0x0
  block_size: 4096
  block_size_deviation: 10
  block_restart_interval: 16
  index_block_restart_interval: 1
  metadata_block_size: 4096
  partition_filters: 0
  use_delta_encoding: 1
  filter_policy: nullptr
  whole_key_filtering: 1
  verify_compression: 0
  read_amp_bytes_per_bit: 0
  format_version: 4
  enable_index_compression: 1
  block_align: 0
2021/11/07-10:32:38.623399 106f80e00        Options.write_buffer_size: 67108864
2021/11/07-10:32:38.623401 106f80e00  Options.max_write_buffer_number: 2
2021/11/07-10:32:38.623405 106f80e00          Options.compression: NoCompression
2021/11/07-10:32:38.623407 106f80e00                  Options.bottommost_compression: Disabled
2021/11/07-10:32:38.623408 106f80e00       Options.prefix_extractor: nullptr
2021/11/07-10:32:38.623409 106f80e00   Options.memtable_insert_with_hint_prefix_extractor: nullptr
2021/11/07-10:32:38.623410 106f80e00             Options.num_levels: 7
2021/11/07-10:32:38.623411 106f80e00        Options.min_write_buffer_number_to_merge: 1
2021/11/07-10:32:38.623412 106f80e00     Options.max_write_buffer_number_to_maintain: 0
2021/11/07-10:32:38.623413 106f80e00     Options.max_write_buffer_size_to_maintain: 0
2021/11/07-10:32:38.623414 106f80e00            Options.bottommost_compression_opts.window_bits: -14
2021/11/07-10:32:38.623415 106f80e00                  Options.bottommost_compression_opts.level: 32767
2021/11/07-10:32:38.623416 106f80e00               Options.bottommost_compression_opts.strategy: 0
2021/11/07-10:32:38.623417 106f80e00         Options.bottommost_compression_opts.max_dict_bytes: 0
2021/11/07-10:32:38.623418 106f80e00         Options.bottommost_compression_opts.zstd_max_train_bytes: 0
2021/11/07-10:32:38.623420 106f80e00         Options.bottommost_compression_opts.parallel_threads: 1
2021/11/07-10:32:38.623421 106f80e00                  Options.bottommost_compression_opts.enabled: false
2021/11/07-10:32:38.623422 106f80e00            Options.compression_opts.window_bits: -14
2021/11/07-10:32:38.623423 106f80e00                  Options.compression_opts.level: 32767
2021/11/07-10:32:38.623424 106f80e00               Options.compression_opts.strategy: 0
2021/11/07-10:32:38.623425 106f80e00         Options.compression_opts.max_dict_bytes: 0
2021/11/07-10:32:38.623462 106f80e00         Options.compression_opts.zstd_max_train_bytes: 0
2021/11/07-10:32:38.623464 106f80e00         Options.compression_opts.parallel_threads: 1
2021/11/07-10:32:38.623465 106f80e00                  Options.compression_opts.enabled: false
2021/11/07-10:32:38.623466 106f80e00      Options.level0_file_num_compaction_trigger: 4
2021/11/07-10:32:38.623467 106f80e00          Options.level0_slowdown_writes_trigger: 20
2021/11/07-10:32:38.623468 106f80e00              Options.level0_stop_writes_trigger: 36
2021/11/07-10:32:38.623469 106f80e00                   Options.target_file_size_base: 67108864
2021/11/07-10:32:38.623470 106f80e00             Options.target_file_size_multiplier: 1
2021/11/07-10:32:38.623471 106f80e00                Options.max_bytes_for_level_base: 268435456
2021/11/07-10:32:38.623472 106f80e00 Options.level_compaction_dynamic_level_bytes: 0
2021/11/07-10:32:38.623474 106f80e00          Options.max_bytes_for_level_multiplier: 10.000000
2021/11/07-10:32:38.623477 106f80e00 Options.max_bytes_for_level_multiplier_addtl[0]: 1
2021/11/07-10:32:38.623478 106f80e00 Options.max_bytes_for_level_multiplier_addtl[1]: 1
2021/11/07-10:32:38.623479 106f80e00 Options.max_bytes_for_level_multiplier_addtl[2]: 1
2021/11/07-10:32:38.623480 106f80e00 Options.max_bytes_for_level_multiplier_addtl[3]: 1
2021/11/07-10:32:38.623481 106f80e00 Options.max_bytes_for_level_multiplier_addtl[4]: 1
2021/11/07-10:32:38.623482 106f80e00 Options.max_bytes_for_level_multiplier_addtl[5]: 1
2021/11/07-10:32:38.623483 106f80e00 Options.max_bytes_for_level_multiplier_addtl[6]: 1
2021/11/07-10:32:38.623484 106f80e00       Options.max_sequential_skip_in_iterations: 8
2021/11/07-10:32:38.623485 106f80e00                    Options.max_compaction_bytes: 1677721600
2021/11/07-10:32:38.623486 106f80e00                        Options.arena_block_size: 8388608
2021/11/07-10:32:38.623487 106f80e00   Options.soft_pending_compaction_bytes_limit: 68719476736
2021/11/07-10:32:38.623489 106f80e00   Options.hard_pending_compaction_bytes_limit: 274877906944
2021/11/07-10:32:38.623490 106f80e00       Options.rate_limit_delay_max_milliseconds: 100
2021/11/07-10:32:38.623491 106f80e00                Options.disable_auto_compactions: 0
2021/11/07-10:32:38.623492 106f80e00                        Options.compaction_style: kCompactionStyleLevel
2021/11/07-10:32:38.623495 106f80e00                          Options.compaction_pri: kMinOverlappingRatio
2021/11/07-10:32:38.623496 106f80e00 Options.compaction_options_universal.size_ratio: 1
2021/11/07-10:32:38.623497 106f80e00 Options.compaction_options_universal.min_merge_width: 2
2021/11/07-10:32:38.623498 106f80e00 Options.compaction_options_universal.max_merge_width: 4294967295
2021/11/07-10:32:38.623499 106f80e00 Options.compaction_options_universal.max_size_amplification_percent: 200
2021/11/07-10:32:38.623501 106f80e00 Options.compaction_options_universal.compression_size_percent: -1
2021/11/07-10:32:38.623502 106f80e00 Options.compaction_options_universal.stop_style: kCompactionStopStyleTotalSize
2021/11/07-10:32:38.623503 106f80e00 Options.compaction_options_fifo.max_table_files_size: 1073741824
2021/11/07-10:32:38.623505 106f80e00 Options.compaction_options_fifo.allow_compaction: 0
2021/11/07-10:32:38.623513 106f80e00                   Options.table_properties_collectors: 
2021/11/07-10:32:38.623514 106f80e00                   Options.inplace_update_support: 0
2021/11/07-10:32:38.623515 106f80e00                 Options.inplace_update_num_locks: 10000
2021/11/07-10:32:38.623516 106f80e00               Options.memtable_prefix_bloom_size_ratio: 0.000000
2021/11/07-10:32:38.623517 106f80e00               Options.memtable_whole_key_filtering: 0
2021/11/07-10:32:38.623518 106f80e00   Options.memtable_huge_page_size: 0
2021/11/07-10:32:38.623519 106f80e00                           Options.bloom_locality: 0
2021/11/07-10:32:38.623520 106f80e00                    Options.max_successive_merges: 0
2021/11/07-10:32:38.623521 106f80e00                Options.optimize_filters_for_hits: 0
2021/11/07-10:32:38.623542 106f80e00                Options.paranoid_file_checks: 0
2021/11/07-10:32:38.623543 106f80e00                Options.force_consistency_checks: 1
2021/11/07-10:32:38.623544 106f80e00                Options.report_bg_io_stats: 0
2021/11/07-10:32:38.623545 106f80e00                               Options.ttl: 2592000
2021/11/07-10:32:38.623547 106f80e00          Options.periodic_compaction_seconds: 0
2021/11/07-10:32:38.623548 106f80e00                    Options.enable_blob_files: false
2021/11/07-10:32:38.623549 106f80e00                        Options.min_blob_size: 0
2021/11/07-10:32:38.623550 106f80e00                       Options.blob_file_size: 268435456
2021/11/07-10:32:38.623551 106f80e00                Options.blob_compression_type: NoCompression
2021/11/07-10:32:38.623552 106f80e00       Options.enable_blob_garbage_collection: false
2021/11/07-10:32:38.623553 106f80e00   Options.blob_garbage_collection_age_cutoff: 0.250000
2021/11/07-10:32:38.625786 106f80e00 [db/version_set.cc:4805] Recovered from manifest file:test-ledger/rocksdb/MANIFEST-000001 succeeded,manifest_file_number is 1, next_file_number is 3, last_sequence is 0, log_number is 0,prev_log_number is 0,max_column_family is 0,min_log_number_to_keep is 0
2021/11/07-10:32:38.625792 106f80e00 [db/version_set.cc:4814] Column family [default] (ID 0), log number is 0
2021/11/07-10:32:38.626471 106f80e00 [db/version_set.cc:4111] Creating manifest 3
2021/11/07-10:32:38.627737 106f80e00 [db/column_family.cc:597] --------------- Options for column family [meta]:
2021/11/07-10:32:38.627742 106f80e00               Options.comparator: leveldb.BytewiseComparator
2021/11/07-10:32:38.627744 106f80e00           Options.merge_operator: None
2021/11/07-10:32:38.627745 106f80e00        Options.compaction_filter: None
2021/11/07-10:32:38.627939 106f80e00        Options.compaction_filter_factory: purged_slot_filter_factory(meta)
2021/11/07-10:32:38.627942 106f80e00  Options.sst_partitioner_factory: None
2021/11/07-10:32:38.627944 106f80e00         Options.memtable_factory: SkipListFactory
2021/11/07-10:32:38.627945 106f80e00            Options.table_factory: BlockBasedTable
2021/11/07-10:32:38.627968 106f80e00            table_factory options:   flush_block_policy_factory: FlushBlockBySizePolicyFactory (0x7fed3f6280a0)
  cache_index_and_filter_blocks: 0
  cache_index_and_filter_blocks_with_high_priority: 1
  pin_l0_filter_and_index_blocks_in_cache: 0
  pin_top_level_index_and_filter: 1
  index_type: 0
  data_block_index_type: 0
  index_shortening: 1
  data_block_hash_table_util_ratio: 0.750000
  hash_index_allow_collision: 1
  checksum: 1
  no_block_cache: 0
  block_cache: 0x7fed3f6284c8
  block_cache_name: LRUCache
  block_cache_options:
    capacity : 8388608
    num_shard_bits : 4
    strict_capacity_limit : 0
    memory_allocator : None
    high_pri_pool_ratio: 0.000
  block_cache_compressed: 0x0
  persistent_cache: 0x0
  block_size: 4096
  block_size_deviation: 10
  block_restart_interval: 16
  index_block_restart_interval: 1
  metadata_block_size: 4096
  partition_filters: 0
  use_delta_encoding: 1
  filter_policy: nullptr
  whole_key_filtering: 1
  verify_compression: 0
  read_amp_bytes_per_bit: 0
  format_version: 4
  enable_index_compression: 1
  block_align: 0
2021/11/07-10:32:38.627974 106f80e00        Options.write_buffer_size: 268435456
2021/11/07-10:32:38.627975 106f80e00  Options.max_write_buffer_number: 8
2021/11/07-10:32:38.627976 106f80e00          Options.compression: NoCompression
2021/11/07-10:32:38.627977 106f80e00                  Options.bottommost_compression: Disabled
2021/11/07-10:32:38.627979 106f80e00       Options.prefix_extractor: nullptr
2021/11/07-10:32:38.627980 106f80e00   Options.memtable_insert_with_hint_prefix_extractor: nullptr
2021/11/07-10:32:38.627981 106f80e00             Options.num_levels: 7
2021/11/07-10:32:38.627982 106f80e00        Options.min_write_buffer_number_to_merge: 1
2021/11/07-10:32:38.627983 106f80e00     Options.max_write_buffer_number_to_maintain: 0
2021/11/07-10:32:38.627984 106f80e00     Options.max_write_buffer_size_to_maintain: 0
2021/11/07-10:32:38.627985 106f80e00            Options.bottommost_compression_opts.window_bits: -14
2021/11/07-10:32:38.627986 106f80e00                  Options.bottommost_compression_opts.level: 32767
2021/11/07-10:32:38.627987 106f80e00               Options.bottommost_compression_opts.strategy: 0
2021/11/07-10:32:38.627988 106f80e00         Options.bottommost_compression_opts.max_dict_bytes: 0
2021/11/07-10:32:38.627989 106f80e00         Options.bottommost_compression_opts.zstd_max_train_bytes: 0
2021/11/07-10:32:38.627990 106f80e00         Options.bottommost_compression_opts.parallel_threads: 1
2021/11/07-10:32:38.627992 106f80e00                  Options.bottommost_compression_opts.enabled: false
2021/11/07-10:32:38.627993 106f80e00            Options.compression_opts.window_bits: -14
2021/11/07-10:32:38.627994 106f80e00                  Options.compression_opts.level: 32767
2021/11/07-10:32:38.627995 106f80e00               Options.compression_opts.strategy: 0
2021/11/07-10:32:38.627996 106f80e00         Options.compression_opts.max_dict_bytes: 0
2021/11/07-10:32:38.627997 106f80e00         Options.compression_opts.zstd_max_train_bytes: 0
2021/11/07-10:32:38.627998 106f80e00         Options.compression_opts.parallel_threads: 1
2021/11/07-10:32:38.627999 106f80e00                  Options.compression_opts.enabled: false
2021/11/07-10:32:38.628000 106f80e00      Options.level0_file_num_compaction_trigger: 4
2021/11/07-10:32:38.628027 106f80e00          Options.level0_slowdown_writes_trigger: 20
2021/11/07-10:32:38.628028 106f80e00              Options.level0_stop_writes_trigger: 36
2021/11/07-10:32:38.628029 106f80e00                   Options.target_file_size_base: 107374182
2021/11/07-10:32:38.628031 106f80e00             Options.target_file_size_multiplier: 1
2021/11/07-10:32:38.628032 106f80e00                Options.max_bytes_for_level_base: 1073741824
2021/11/07-10:32:38.628033 106f80e00 Options.level_compaction_dynamic_level_bytes: 0
2021/11/07-10:32:38.628034 106f80e00          Options.max_bytes_for_level_multiplier: 10.000000
2021/11/07-10:32:38.628035 106f80e00 Options.max_bytes_for_level_multiplier_addtl[0]: 1
2021/11/07-10:32:38.628037 106f80e00 Options.max_bytes_for_level_multiplier_addtl[1]: 1
2021/11/07-10:32:38.628038 106f80e00 Options.max_bytes_for_level_multiplier_addtl[2]: 1
2021/11/07-10:32:38.628039 106f80e00 Options.max_bytes_for_level_multiplier_addtl[3]: 1
2021/11/07-10:32:38.628040 106f80e00 Options.max_bytes_for_level_multiplier_addtl[4]: 1
2021/11/07-10:32:38.628041 106f80e00 Options.max_bytes_for_level_multiplier_addtl[5]: 1
2021/11/07-10:32:38.628042 106f80e00 Options.max_bytes_for_level_multiplier_addtl[6]: 1
2021/11/07-10:32:38.628043 106f80e00       Options.max_sequential_skip_in_iterations: 8
2021/11/07-10:32:38.628044 106f80e00                    Options.max_compaction_bytes: 2684354550
2021/11/07-10:32:38.628045 106f80e00                        Options.arena_block_size: 33554432
2021/11/07-10:32:38.628046 106f80e00   Options.soft_pending_compaction_bytes_limit: 68719476736
2021/11/07-10:32:38.628047 106f80e00   Options.hard_pending_compaction_bytes_limit: 274877906944
2021/11/07-10:32:38.628048 106f80e00       Options.rate_limit_delay_max_milliseconds: 100
2021/11/07-10:32:38.628049 106f80e00                Options.disable_auto_compactions: 0
2021/11/07-10:32:38.628051 106f80e00                        Options.compaction_style: kCompactionStyleLevel
2021/11/07-10:32:38.628052 106f80e00                          Options.compaction_pri: kMinOverlappingRatio
2021/11/07-10:32:38.628053 106f80e00 Options.compaction_options_universal.size_ratio: 1
2021/11/07-10:32:38.628054 106f80e00 Options.compaction_options_universal.min_merge_width: 2
2021/11/07-10:32:38.628055 106f80e00 Options.compaction_options_universal.max_merge_width: 4294967295
2021/11/07-10:32:38.628056 106f80e00 Options.compaction_options_universal.max_size_amplification_percent: 200
2021/11/07-10:32:38.628057 106f80e00 Options.compaction_options_universal.compression_size_percent: -1
2021/11/07-10:32:38.628059 106f80e00 Options.compaction_options_universal.stop_style: kCompactionStopStyleTotalSize
2021/11/07-10:32:38.628060 106f80e00 Options.compaction_options_fifo.max_table_files_size: 1073741824
2021/11/07-10:32:38.628061 106f80e00 Options.compaction_options_fifo.allow_compaction: 0
2021/11/07-10:32:38.628063 106f80e00                   Options.table_properties_collectors: 
2021/11/07-10:32:38.628064 106f80e00                   Options.inplace_update_support: 0
2021/11/07-10:32:38.628065 106f80e00                 Options.inplace_update_num_locks: 10000
2021/11/07-10:32:38.628066 106f80e00               Options.memtable_prefix_bloom_size_ratio: 0.000000
2021/11/07-10:32:38.628068 106f80e00               Options.memtable_whole_key_filtering: 0
2021/11/07-10:32:38.628069 106f80e00   Options.memtable_huge_page_size: 0
2021/11/07-10:32:38.628070 106f80e00                           Options.bloom_locality: 0
2021/11/07-10:32:38.628071 106f80e00                    Options.max_successive_merges: 0
2021/11/07-10:32:38.628072 106f80e00                Options.optimize_filters_for_hits: 0
2021/11/07-10:32:38.628073 106f80e00                Options.paranoid_file_checks: 0
2021/11/07-10:32:38.628074 106f80e00                Options.force_consistency_checks: 1
2021/11/07-10:32:38.628075 106f80e00                Options.report_bg_io_stats: 0
2021/11/07-10:32:38.628076 106f80e00                               Options.ttl: 2592000
2021/11/07-10:32:38.628096 106f80e00          Options.periodic_compaction_seconds: 2592000
2021/11/07-10:32:38.628097 106f80e00                    Options.enable_blob_files: false
2021/11/07-10:32:38.628098 106f80e00                        Options.min_blob_size: 0
2021/11/07-10:32:38.628100 106f80e00                       Options.blob_file_size: 268435456
2021/11/07-10:32:38.628101 106f80e00                Options.blob_compression_type: NoCompression
2021/11/07-10:32:38.628102 106f80e00       Options.enable_blob_garbage_collection: false
2021/11/07-10:32:38.628103 106f80e00   Options.blob_garbage_collection_age_cutoff: 0.250000
2021/11/07-10:32:38.628155 106f80e00 [db/db_impl/db_impl.cc:2658] Created column family [meta] (ID 1)
2021/11/07-10:32:38.631109 106f80e00 [db/column_family.cc:597] --------------- Options for column family [dead_slots]:
2021/11/07-10:32:38.631115 106f80e00               Options.comparator: leveldb.BytewiseComparator
2021/11/07-10:32:38.631116 106f80e00           Options.merge_operator: None
2021/11/07-10:32:38.631118 106f80e00        Options.compaction_filter: None
2021/11/07-10:32:38.631119 106f80e00        Options.compaction_filter_factory: purged_slot_filter_factory(dead_slots)
2021/11/07-10:32:38.631120 106f80e00  Options.sst_partitioner_factory: None
2021/11/07-10:32:38.631121 106f80e00         Options.memtable_factory: SkipListFactory
2021/11/07-10:32:38.631122 106f80e00            Options.table_factory: BlockBasedTable
2021/11/07-10:32:38.631139 106f80e00            table_factory options:   flush_block_policy_factory: FlushBlockBySizePolicyFactory (0x7fed3f629130)
  cache_index_and_filter_blocks: 0
  cache_index_and_filter_blocks_with_high_priority: 1
  pin_l0_filter_and_index_blocks_in_cache: 0
  pin_top_level_index_and_filter: 1
  index_type: 0
  data_block_index_type: 0
  index_shortening: 1
  data_block_hash_table_util_ratio: 0.750000
  hash_index_allow_collision: 1
  checksum: 1
  no_block_cache: 0
  block_cache: 0x7fed3f629178
  block_cache_name: LRUCache
  block_cache_options:
    capacity : 8388608
    num_shard_bits : 4
    strict_capacity_limit : 0
    memory_allocator : None
    high_pri_pool_ratio: 0.000
  block_cache_compressed: 0x0
  persistent_cache: 0x0
  block_size: 4096
  block_size_deviation: 10
  block_restart_interval: 16
  index_block_restart_interval: 1
  metadata_block_size: 4096
  partition_filters: 0
  use_delta_encoding: 1
  filter_policy: nullptr
  whole_key_filtering: 1
  verify_compression: 0
  read_amp_bytes_per_bit: 0
  format_version: 4
  enable_index_compression: 1
  block_align: 0
2021/11/07-10:32:38.631143 106f80e00        Options.write_buffer_size: 268435456
2021/11/07-10:32:38.631144 106f80e00  Options.max_write_buffer_number: 8
2021/11/07-10:32:38.631145 106f80e00          Options.compression: NoCompression
2021/11/07-10:32:38.631146 106f80e00                  Options.bottommost_compression: Disabled
2021/11/07-10:32:38.631147 106f80e00       Options.prefix_extractor: nullptr
2021/11/07-10:32:38.631148 106f80e00   Options.memtable_insert_with_hint_prefix_extractor: nullptr
2021/11/07-10:32:38.631149 106f80e00             Options.num_levels: 7
2021/11/07-10:32:38.631150 106f80e00        Options.min_write_buffer_number_to_merge: 1
2021/11/07-10:32:38.631152 106f80e00     Options.max_write_buffer_number_to_maintain: 0
2021/11/07-10:32:38.631153 106f80e00     Options.max_write_buffer_size_to_maintain: 0
2021/11/07-10:32:38.631154 106f80e00            Options.bottommost_compression_opts.window_bits: -14
2021/11/07-10:32:38.631155 106f80e00                  Options.bottommost_compression_opts.level: 32767
2021/11/07-10:32:38.631156 106f80e00               Options.bottommost_compression_opts.strategy: 0
2021/11/07-10:32:38.631157 106f80e00         Options.bottommost_compression_opts.max_dict_bytes: 0
2021/11/07-10:32:38.631158 106f80e00         Options.bottommost_compression_opts.zstd_max_train_bytes: 0
2021/11/07-10:32:38.631159 106f80e00         Options.bottommost_compression_opts.parallel_threads: 1
2021/11/07-10:32:38.631160 106f80e00                  Options.bottommost_compression_opts.enabled: false
2021/11/07-10:32:38.631161 106f80e00            Options.compression_opts.window_bits: -14
2021/11/07-10:32:38.631162 106f80e00                  Options.compression_opts.level: 32767
2021/11/07-10:32:38.631164 106f80e00               Options.compression_opts.strategy: 0
2021/11/07-10:32:38.631165 106f80e00         Options.compression_opts.max_dict_bytes: 0
2021/11/07-10:32:38.631166 106f80e00         Options.compression_opts.zstd_max_train_bytes: 0
2021/11/07-10:32:38.631167 106f80e00         Options.compression_opts.parallel_threads: 1
2021/11/07-10:32:38.631168 106f80e00                  Options.compression_opts.enabled: false
2021/11/07-10:32:38.631169 106f80e00      Options.level0_file_num_compaction_trigger: 4
2021/11/07-10:32:38.631195 106f80e00          Options.level0_slowdown_writes_trigger: 20
2021/11/07-10:32:38.631197 106f80e00              Options.level0_stop_writes_trigger: 36
2021/11/07-10:32:38.631198 106f80e00                   Options.target_file_size_base: 107374182
2021/11/07-10:32:38.631199 106f80e00             Options.target_file_size_multiplier: 1
2021/11/07-10:32:38.631200 106f80e00                Options.max_bytes_for_level_base: 1073741824
2021/11/07-10:32:38.631201 106f80e00 Options.level_compaction_dynamic_level_bytes: 0
2021/11/07-10:32:38.631202 106f80e00          Options.max_bytes_for_level_multiplier: 10.000000
2021/11/07-10:32:38.631204 106f80e00 Options.max_bytes_for_level_multiplier_addtl[0]: 1
2021/11/07-10:32:38.631205 106f80e00 Options.max_bytes_for_level_multiplier_addtl[1]: 1
2021/11/07-10:32:38.631206 106f80e00 Options.max_bytes_for_level_multiplier_addtl[2]: 1
2021/11/07-10:32:38.631207 106f80e00 Options.max_bytes_for_level_multiplier_addtl[3]: 1
2021/11/07-10:32:38.631208 106f80e00 Options.max_bytes_for_level_multiplier_addtl[4]: 1
2021/11/07-10:32:38.631209 106f80e00 Options.max_bytes_for_level_multiplier_addtl[5]: 1
2021/11/07-10:32:38.631210 106f80e00 Options.max_bytes_for_level_multiplier_addtl[6]: 1
2021/11/07-10:32:38.631211 106f80e00       Options.max_sequential_skip_in_iterations: 8
2021/11/07-10:32:38.631212 106f80e00                    Options.max_compaction_bytes: 2684354550
2021/11/07-10:32:38.631213 106f80e00                        Options.arena_block_size: 33554432
2021/11/07-10:32:38.631215 106f80e00   Options.soft_pending_compaction_bytes_limit: 68719476736
2021/11/07-10:32:38.631216 106f80e00   Options.hard_pending_compaction_bytes_limit: 274877906944
2021/11/07-10:32:38.631217 106f80e00       Options.rate_limit_delay_max_milliseconds: 100
2021/11/07-10:32:38.631218 106f80e00                Options.disable_auto_compactions: 0
2021/11/07-10:32:38.631219 106f80e00                        Options.compaction_style: kCompactionStyleLevel
2021/11/07-10:32:38.631220 106f80e00                          Options.compaction_pri: kMinOverlappingRatio
2021/11/07-10:32:38.631221 106f80e00 Options.compaction_options_universal.size_ratio: 1
2021/11/07-10:32:38.631222 106f80e00 Options.compaction_options_universal.min_merge_width: 2
2021/11/07-10:32:38.631223 106f80e00 Options.compaction_options_universal.max_merge_width: 4294967295
2021/11/07-10:32:38.631224 106f80e00 Options.compaction_options_universal.max_size_amplification_percent: 200
2021/11/07-10:32:38.631226 106f80e00 Options.compaction_options_universal.compression_size_percent: -1
2021/11/07-10:32:38.631227 106f80e00 Options.compaction_options_universal.stop_style: kCompactionStopStyleTotalSize
2021/11/07-10:32:38.631228 106f80e00 Options.compaction_options_fifo.max_table_files_size: 1073741824
2021/11/07-10:32:38.631229 106f80e00 Options.compaction_options_fifo.allow_compaction: 0
2021/11/07-10:32:38.631231 106f80e00                   Options.table_properties_collectors: 
2021/11/07-10:32:38.631232 106f80e00                   Options.inplace_update_support: 0
2021/11/07-10:32:38.631233 106f80e00                 Options.inplace_update_num_locks: 10000
2021/11/07-10:32:38.631234 106f80e00               Options.memtable_prefix_bloom_size_ratio: 0.000000
2021/11/07-10:32:38.631235 106f80e00               Options.memtable_whole_key_filtering: 0
2021/11/07-10:32:38.631236 106f80e00   Options.memtable_huge_page_size: 0
2021/11/07-10:32:38.631238 106f80e00                           Options.bloom_locality: 0
2021/11/07-10:32:38.631239 106f80e00                    Options.max_successive_merges: 0
2021/11/07-10:32:38.631240 106f80e00                Options.optimize_filters_for_hits: 0
2021/11/07-10:32:38.631241 106f80e00                Options.paranoid_file_checks: 0
2021/11/07-10:32:38.631242 106f80e00                Options.force_consistency_checks: 1
2021/11/07-10:32:38.631243 106f80e00                Options.report_bg_io_stats: 0
2021/11/07-10:32:38.631244 106f80e00                               Options.ttl: 2592000
2021/11/07-10:32:38.631262 106f80e00          Options.periodic_compaction_seconds: 2592000
2021/11/07-10:32:38.631264 106f80e00                    Options.enable_blob_files: false
2021/11/07-10:32:38.631265 106f80e00                        Options.min_blob_size: 0
2021/11/07-10:32:38.631266 106f80e00                       Options.blob_file_size: 268435456
2021/11/07-10:32:38.631267 106f80e00                Options.blob_compression_type: NoCompression
2021/11/07-10:32:38.631268 106f80e00       Options.enable_blob_garbage_collection: false
2021/11/07-10:32:38.631269 106f80e00   Options.blob_garbage_collection_age_cutoff: 0.250000
2021/11/07-10:32:38.631321 106f80e00 [db/db_impl/db_impl.cc:2658] Created column family [dead_slots] (ID 2)
2021/11/07-10:32:38.633980 106f80e00 [db/column_family.cc:597] --------------- Options for column family [duplicate_slots]:
2021/11/07-10:32:38.633987 106f80e00               Options.comparator: leveldb.BytewiseComparator
2021/11/07-10:32:38.633989 106f80e00           Options.merge_operator: None
2021/11/07-10:32:38.633990 106f80e00        Options.compaction_filter: None
2021/11/07-10:32:38.633992 106f80e00        Options.compaction_filter_factory: purged_slot_filter_factory(duplicate_slots)
2021/11/07-10:32:38.633993 106f80e00  Options.sst_partitioner_factory: None
2021/11/07-10:32:38.633994 106f80e00         Options.memtable_factory: SkipListFactory
2021/11/07-10:32:38.633995 106f80e00            Options.table_factory: BlockBasedTable
2021/11/07-10:32:38.634018 106f80e00            table_factory options:   flush_block_policy_factory: FlushBlockBySizePolicyFactory (0x7fed3f629d90)
  cache_index_and_filter_blocks: 0
  cache_index_and_filter_blocks_with_high_priority: 1
  pin_l0_filter_and_index_blocks_in_cache: 0
  pin_top_level_index_and_filter: 1
  index_type: 0
  data_block_index_type: 0
  index_shortening: 1
  data_block_hash_table_util_ratio: 0.750000
  hash_index_allow_collision: 1
  checksum: 1
  no_block_cache: 0
  block_cache: 0x7fed3f629dd8
  block_cache_name: LRUCache
  block_cache_options:
    capacity : 8388608
    num_shard_bits : 4
    strict_capacity_limit : 0
    memory_allocator : None
    high_pri_pool_ratio: 0.000
  block_cache_compressed: 0x0
  persistent_cache: 0x0
  block_size: 4096
  block_size_deviation: 10
  block_restart_interval: 16
  index_block_restart_interval: 1
  metadata_block_size: 4096
  partition_filters: 0
  use_delta_encoding: 1
  filter_policy: nullptr
  whole_key_filtering: 1
  verify_compression: 0
  read_amp_bytes_per_bit: 0
  format_version: 4
  enable_index_compression: 1
  block_align: 0
2021/11/07-10:32:38.634021 106f80e00        Options.write_buffer_size: 268435456
2021/11/07-10:32:38.634022 106f80e00  Options.max_write_buffer_number: 8
2021/11/07-10:32:38.634023 106f80e00          Options.compression: NoCompression
2021/11/07-10:32:38.634024 106f80e00                  Options.bottommost_compression: Disabled
2021/11/07-10:32:38.634025 106f80e00       Options.prefix_extractor: nullptr
2021/11/07-10:32:38.634026 106f80e00   Options.memtable_insert_with_hint_prefix_extractor: nullptr
2021/11/07-10:32:38.634027 106f80e00             Options.num_levels: 7
2021/11/07-10:32:38.634028 106f80e00        Options.min_write_buffer_number_to_merge: 1
2021/11/07-10:32:38.634030 106f80e00     Options.max_write_buffer_number_to_maintain: 0
2021/11/07-10:32:38.634031 106f80e00     Options.max_write_buffer_size_to_maintain: 0
2021/11/07-10:32:38.634032 106f80e00            Options.bottommost_compression_opts.window_bits: -14
2021/11/07-10:32:38.634033 106f80e00                  Options.bottommost_compression_opts.level: 32767
2021/11/07-10:32:38.634034 106f80e00               Options.bottommost_compression_opts.strategy: 0
2021/11/07-10:32:38.634035 106f80e00         Options.bottommost_compression_opts.max_dict_bytes: 0
2021/11/07-10:32:38.634036 106f80e00         Options.bottommost_compression_opts.zstd_max_train_bytes: 0
2021/11/07-10:32:38.634037 106f80e00         Options.bottommost_compression_opts.parallel_threads: 1
2021/11/07-10:32:38.634038 106f80e00                  Options.bottommost_compression_opts.enabled: false
2021/11/07-10:32:38.634040 106f80e00            Options.compression_opts.window_bits: -14
2021/11/07-10:32:38.634041 106f80e00                  Options.compression_opts.level: 32767
2021/11/07-10:32:38.634042 106f80e00               Options.compression_opts.strategy: 0
2021/11/07-10:32:38.634043 106f80e00         Options.compression_opts.max_dict_bytes: 0
2021/11/07-10:32:38.634044 106f80e00         Options.compression_opts.zstd_max_train_bytes: 0
2021/11/07-10:32:38.634045 106f80e00         Options.compression_opts.parallel_threads: 1
2021/11/07-10:32:38.634046 106f80e00                  Options.compression_opts.enabled: false
